version 3
run General-0-20240513-13:54:27-11078
attr configname General
attr datetime 20240513-13:54:27
attr datetimef 20240513-135427
attr experiment General
attr inifile omnetpp.ini
attr iterationvars ""
attr iterationvarsd ""
attr iterationvarsf ""
attr measurement ""
attr network Network
attr processid 11078
attr repetition 0
attr replication #0
attr resultdir results
attr runnumber 0
attr seedset 0
config network Network
config sim-time-limit 200s
config Network.queue.serviceTime exponential(0.001)
config Network.queue.bufferSize 200
config Network.nodeRx.queue.bufferSize 200
config Network.nodeRx.queue.serviceTime exponential(0.001)
config Network.nodeTx.gen.packetByteSize 12500
config Network.nodeTx.gen.generationInterval exponential(0.1)
config Network.nodeTx.queue.bufferSize 2000000
config Network.nodeTx.queue.serviceTime exponential(0.001)

vector 0 Network.nodeTx.queue packetsDrop ETV
vector 1 Network.queue packetsDrop ETV
vector 2 Network.nodeRx.queue packetsDrop ETV
vector 3 Network.nodeTx.gen packetGen ETV
vector 4 Network.nodeTx.queue bufferSizeQueue ETV
vector 5 Network.queue bufferSizeQueue ETV
vector 6 Network.nodeRx.queue bufferSizeQueue ETV
vector 7 Network.nodeRx.sink Delay ETV
vector 8 Network.nodeRx.sink PacketUsed ETV
0	0	0	0
1	0	0	0
2	0	0	0
2	2969	42.981853423165	1
2	2979	43.181853423165	1
2	2991	43.381853423165	1
2	3007	43.581853423165	1
2	3019	43.781853423165	1
2	3039	43.981853423165	1
2	3051	44.181853423165	1
2	3065	44.381853423165	1
2	3079	44.581853423165	1
2	3093	44.781853423165	1
2	3105	44.981853423165	1
2	3123	45.181853423165	1
2	3135	45.381853423165	1
2	3151	45.581853423165	1
2	3163	45.781853423165	1
2	3177	45.981853423165	1
2	3189	46.181853423165	1
2	3203	46.381853423165	1
2	3219	46.581853423165	1
2	3231	46.781853423165	1
2	3241	46.981853423165	1
2	3259	47.224222061063	1
2	3272	47.424222061063	1
2	3295	47.793811538692	1
2	3315	48.000451525779	1
2	3333	48.200451525779	1
2	3347	48.400451525779	1
2	3367	48.600451525779	1
2	3379	48.800451525779	1
2	3391	49.000451525779	1
2	3407	49.200451525779	1
2	3421	49.400451525779	1
2	3439	49.600451525779	1
2	3455	49.800451525779	1
2	3467	50.000451525779	1
2	3487	50.200451525779	1
2	3505	50.400451525779	1
2	3515	50.600451525779	1
2	3529	50.800451525779	1
2	3543	51.000451525779	1
2	3557	51.200451525779	1
2	3573	51.400451525779	1
2	3587	51.600451525779	1
2	3599	51.800451525779	1
2	3613	52.000451525779	1
2	3627	52.200451525779	1
2	3651	52.400451525779	1
2	3663	52.600451525779	1
2	3677	52.800451525779	1
2	3689	53.000451525779	1
2	3703	53.200451525779	1
2	3713	53.400451525779	1
2	3723	53.600451525779	1
2	3739	53.800451525779	1
2	3757	54.000451525779	1
2	3771	54.200451525779	1
2	3781	54.400451525779	1
2	3793	54.600451525779	1
2	3805	54.800451525779	1
2	3823	55.000451525779	1
2	3833	55.200451525779	1
2	3847	55.400451525779	1
2	3859	55.600451525779	1
2	3871	55.800451525779	1
2	3885	56.000451525779	1
2	3895	56.200451525779	1
2	3909	56.400451525779	1
2	3921	56.600451525779	1
2	3935	56.800451525779	1
2	3947	57.000451525779	1
2	3963	57.200451525779	1
2	3975	57.400451525779	1
2	3989	57.600451525779	1
2	4003	57.800451525779	1
2	4015	58.000451525779	1
2	4027	58.200451525779	1
2	4039	58.400451525779	1
2	4057	58.608610483143	1
2	4065	58.808610483143	1
3	1	0.079587450457	1
3	4	0.169443489305	1
3	14	0.29503656511	1
3	24	0.480996986317	1
3	29	0.573319299464	1
3	40	0.768473833052	1
3	45	0.84719394705	1
3	56	1.03509035247	1
3	63	1.090195201137	1
3	68	1.187895843776	1
3	76	1.291711773842	1
3	82	1.340224590214	1
3	84	1.397776509902	1
3	86	1.433092423816	1
3	102	1.65544486602	1
3	104	1.661283332929	1
3	122	1.992774560922	1
3	125	2.024610175006	1
3	129	2.072970385501	1
3	136	2.137915020326	1
3	148	2.294804632088	1
3	154	2.46202575212	1
3	162	2.537293163451	1
3	168	2.602681420173	1
3	172	2.686624705463	1
3	178	2.736511906365	1
3	194	2.99633731495	1
3	204	3.177174241377	1
3	207	3.184542776924	1
3	211	3.225700576548	1
3	213	3.23481667916	1
3	220	3.339277929991	1
3	222	3.341320488831	1
3	228	3.387245302557	1
3	236	3.565994068901	1
3	258	3.881011061769	1
3	264	4.031589487633	1
3	266	4.046712572999	1
3	278	4.250743998793	1
3	290	4.454833220384	1
3	304	4.839355407298	1
3	309	4.903526324566	1
3	318	5.064050280272	1
3	328	5.225450487761	1
3	335	5.287343433724	1
3	340	5.360839875843	1
3	348	5.512493473242	1
3	358	5.626087367413	1
3	361	5.638674808357	1
3	370	5.766197578579	1
3	376	5.868340766014	1
3	384	5.955572885518	1
3	386	5.971045853568	1
3	392	6.048129319415	1
3	410	6.337571367214	1
3	418	6.479707835223	1
3	425	6.553490564399	1
3	427	6.564685180462	1
3	432	6.618241752485	1
3	440	6.682411222688	1
3	442	6.713139257903	1
3	444	6.733759586106	1
3	456	6.882585068681	1
3	462	7.016114087143	1
3	464	7.077022329461	1
3	472	7.101427178535	1
3	478	7.185460649096	1
3	480	7.199988451825	1
3	482	7.201885308745	1
3	484	7.241062389813	1
3	492	7.33720048372	1
3	494	7.353414132665	1
3	500	7.448113800382	1
3	502	7.473257993589	1
3	510	7.569212791326	1
3	516	7.618068496257	1
3	534	7.905859998385	1
3	546	8.138751335806	1
3	552	8.253265231276	1
3	560	8.313039838958	1
3	562	8.357591688463	1
3	568	8.452541146813	1
3	576	8.509994387487	1
3	588	8.742629493656	1
3	594	8.862240273602	1
3	596	8.87269639618	1
3	598	8.878907925227	1
3	620	9.228929293672	1
3	628	9.338820540427	1
3	634	9.444703953576	1
3	642	9.555763698145	1
3	644	9.574506304747	1
3	650	9.598126975355	1
3	652	9.642467378217	1
3	654	9.65627024706	1
3	666	9.795174516039	1
3	668	9.833070712467	1
3	676	9.926676868444	1
3	678	9.971887074466	1
3	684	10.011198330196	1
3	692	10.095641109549	1
3	694	10.09955942519	1
3	696	10.157291856271	1
3	702	10.257878956788	1
3	730	10.703328641406	1
3	746	11.022623305611	1
3	748	11.033386816427	1
3	756	11.139169457762	1
3	758	11.16259960964	1
3	764	11.263401534182	1
3	772	11.280992888725	1
3	798	11.817002923749	1
3	806	11.922877195258	1
3	812	12.010068780621	1
3	814	12.039276833948	1
3	822	12.092783301656	1
3	824	12.155577459755	1
3	830	12.219955559915	1
3	832	12.247983260763	1
3	840	12.34566966817	1
3	842	12.362982413785	1
3	848	12.404232536777	1
3	850	12.415928077756	1
3	858	12.528244907909	1
3	864	12.635052127624	1
3	866	12.673207711961	1
3	874	12.688078938886	1
3	880	12.838742472213	1
3	882	12.860630531864	1
3	900	13.159349521049	1
3	906	13.205350916823	1
3	914	13.313977854911	1
3	926	13.486011020683	1
3	928	13.487377478526	1
3	930	13.497591966678	1
3	936	13.595102160094	1
3	944	13.777084052022	1
3	956	13.889065488597	1
3	958	13.899168966128	1
3	974	14.256527803362	1
3	996	14.63143094932	1
3	1008	14.841963079399	1
3	1016	14.905196739039	1
3	1018	14.976455098372	1
3	1040	15.352647826822	1
3	1042	15.358380519464	1
3	1048	15.451228369154	1
3	1056	15.511223057818	1
3	1062	15.645647585033	1
3	1064	15.647666597848	1
3	1066	15.651664227754	1
3	1074	15.709952066641	1
3	1076	15.743193090737	1
3	1098	16.132350103022	1
3	1100	16.145155779553	1
3	1106	16.189697725745	1
3	1108	16.224815334683	1
3	1116	16.290379963119	1
3	1118	16.303018826762	1
3	1124	16.419706179417	1
3	1126	16.457976274303	1
3	1138	16.670399994003	1
3	1146	16.723888431579	1
3	1158	16.974279609888	1
3	1164	16.980909350036	1
3	1166	17.005348894844	1
3	1174	17.123267847551	1
3	1180	17.206552199158	1
3	1188	17.290161952355	1
3	1200	17.490486004606	1
3	1202	17.521327488616	1
3	1208	17.592452282338	1
3	1210	17.666528177383	1
3	1228	17.915086413081	1
3	1230	17.924951443923	1
3	1242	18.178981894719	1
3	1248	18.264771458826	1
3	1250	18.27344850706	1
3	1268	18.538374099928	1
3	1270	18.570908141481	1
3	1276	18.609264162891	1
3	1278	18.610204237957	1
3	1286	18.720288828966	1
3	1298	18.905021594066	1
3	1300	18.919154665422	1
3	1306	19.02333273084	1
3	1314	19.149326111851	1
3	1326	19.333454359	1
3	1328	19.367619775703	1
3	1334	19.398371548079	1
3	1336	19.418606591936	1
3	1338	19.469326604262	1
3	1346	19.557639508458	1
3	1352	19.638119248438	1
3	1354	19.640150494318	1
3	1356	19.658175719516	1
3	1368	19.834749826757	1
3	1376	19.880922916361	1
3	1378	19.88139357041	1
3	1380	19.897227721033	1
3	1386	20.01049113523	1
3	1394	20.094799438445	1
3	1396	20.12627160453	1
3	1402	20.247922469874	1
3	1414	20.380798257249	1
3	1416	20.414832931073	1
3	1434	20.742347248844	1
3	1440	20.799137664192	1
3	1442	20.827739761443	1
3	1450	20.968842202372	1
3	1456	21.054681499155	1
3	1464	21.105115879814	1
3	1470	21.194774966893	1
3	1482	21.421148324479	1
3	1490	21.506070405635	1
3	1496	21.607936278637	1
3	1498	21.633178277926	1
3	1510	21.855328967773	1
3	1528	22.160557133461	1
3	1534	22.274517929814	1
3	1542	22.333780332559	1
3	1548	22.393418271992	1
3	1560	22.580764259978	1
3	1578	22.965064918302	1
3	1590	23.085288775027	1
3	1592	23.097641439763	1
3	1594	23.13294345309	1
3	1600	23.278625308946	1
3	1612	23.446717529401	1
3	1620	23.499789779063	1
3	1622	23.550291653838	1
3	1628	23.662819855522	1
3	1640	23.875769795129	1
3	1648	23.904510842736	1
3	1654	23.991564425369	1
3	1656	24.02913830961	1
3	1668	24.242621354608	1
3	1686	24.579058399913	1
3	1698	24.696996693277	1
3	1704	24.785782834321	1
3	1712	24.914973761201	1
3	1718	25.022757249615	1
3	1726	25.092337195705	1
3	1728	25.168523972835	1
3	1748	25.481070808601	1
3	1751	25.507276532769	1
3	1756	25.610556233834	1
3	1758	25.66078731366	1
3	1766	25.715926912673	1
3	1772	25.812372269222	1
3	1780	25.905612557263	1
3	1782	25.970023028095	1
3	1784	25.97196100623	1
3	1790	26.035473777793	1
3	1792	26.07136649938	1
3	1804	26.197270851106	1
3	1812	26.305202870972	1
3	1814	26.33916934423	1
3	1816	26.3734293067	1
3	1822	26.421792875359	1
3	1830	26.518030380936	1
3	1836	26.65632830159	1
3	1844	26.712324408597	1
3	1856	26.923069169092	1
3	1858	26.937626566937	1
3	1860	26.948481276786	1
3	1866	26.983903690011	1
3	1868	26.993595965469	1
3	1870	27.077984812728	1
3	1878	27.121687614105	1
3	1884	27.211060521936	1
3	1892	27.291315720512	1
3	1894	27.376723694076	1
3	1896	27.380144035912	1
3	1908	27.48604497445	1
3	1924	27.833298522378	1
3	1932	27.938883483244	1
3	1934	27.977596492459	1
3	1940	28.034057542571	1
3	1942	28.059065692069	1
3	1960	28.285929091338	1
3	1962	28.301158453863	1
3	1964	28.346975742259	1
3	1966	28.357207803744	1
3	1972	28.414453958887	1
3	1994	28.828234934938	1
3	2006	29.050726400661	1
3	2010	29.080882991983	1
3	2020	29.244972749776	1
3	2028	29.321980435731	1
3	2034	29.443682385265	1
3	2042	29.503089735097	1
3	2044	29.51365099946	1
3	2046	29.52413918302	1
3	2058	29.776067396028	1
3	2064	29.819501961622	1
3	2072	29.944762714113	1
3	2078	30.008108975885	1
3	2116	30.684648027879	1
3	2122	30.868621306387	1
3	2130	30.884808315058	1
3	2142	31.119826044033	1
3	2154	31.322416925743	1
3	2157	31.326245217031	1
3	2159	31.343977774546	1
3	2163	31.414969567268	1
3	2170	31.51056620966	1
3	2176	31.528820069848	1
3	2178	31.542038440809	1
3	2186	31.69302078637	1
3	2198	31.881413675029	1
3	2210	32.081612324582	1
3	2220	32.246284234715	1
3	2224	32.299284522529	1
3	2230	32.383472618702	1
3	2232	32.398551719721	1
3	2238	32.45083872273	1
3	2240	32.454217401285	1
3	2242	32.461384939716	1
3	2264	32.866369623596	1
3	2272	32.985913480224	1
3	2278	33.032640736865	1
3	2282	33.09307064405	1
3	2288	33.147556356864	1
3	2294	33.275589777245	1
3	2298	33.280781032463	1
3	2310	33.482058306084	1
3	2316	33.527549490563	1
3	2334	33.898545549753	1
3	2336	33.900222326352	1
3	2348	34.093880050101	1
3	2350	34.120112981018	1
3	2352	34.12129130421	1
3	2362	34.266070712409	1
3	2366	34.310695994461	1
3	2382	34.599157169671	1
3	2394	34.730087006073	1
3	2402	34.868716141275	1
3	2407	34.887545638797	1
3	2409	34.929006893063	1
3	2416	35.002620003062	1
3	2422	35.069866054745	1
3	2424	35.075453060034	1
3	2428	35.116850952301	1
3	2430	35.139164873111	1
3	2432	35.158947823857	1
3	2434	35.160817370899	1
3	2440	35.179569266019	1
3	2448	35.33741053823	1
3	2454	35.399670272628	1
3	2456	35.425020843142	1
3	2468	35.632623949186	1
3	2474	35.674989659322	1
3	2488	35.963444088163	1
3	2504	36.226665974418	1
3	2512	36.32037984619	1
3	2518	36.442259526524	1
3	2526	36.533055929256	1
3	2528	36.536291609721	1
3	2540	36.689374732348	1
3	2542	36.707370466503	1
3	2548	36.776690443457	1
3	2554	36.873838659266	1
3	2556	36.879006949846	1
3	2560	36.965099313514	1
3	2572	37.085196404168	1
3	2574	37.112363211202	1
3	2600	37.600276500001	1
3	2616	37.872411325592	1
3	2620	37.903508106089	1
3	2626	37.998691076843	1
3	2634	38.112350726369	1
3	2640	38.189058691826	1
3	2652	38.388775888575	1
3	2658	38.477913746266	1
3	2666	38.616881452644	1
3	2674	38.74785998978	1
3	2690	39.081653423165	1
3	2693	39.119042072755	1
3	2698	39.199840078095	1
3	2700	39.250626590364	1
3	2702	39.274501877649	1
3	2710	39.298054334991	1
3	2712	39.323214196302	1
3	2714	39.34381740115	1
3	2716	39.36850332803	1
3	2732	39.65741088722	1
3	2740	39.741708764761	1
3	2746	39.876243508084	1
3	2754	39.936411406736	1
3	2760	40.0038358637	1
3	2778	40.355283731754	1
3	2780	40.381085008148	1
3	2792	40.495198798434	1
3	2794	40.524549563626	1
3	2796	40.533464992626	1
3	2798	40.539443088918	1
3	2800	40.54525032513	1
3	2806	40.602240081661	1
3	2808	40.66915145403	1
3	2816	40.706518433469	1
3	2828	40.919385442922	1
3	2834	41.038571253287	1
3	2856	41.41324071467	1
3	2858	41.460682343703	1
3	2866	41.55682630086	1
3	2868	41.576623074393	1
3	2874	41.654820646481	1
3	2876	41.657319481812	1
3	2888	41.8501554955	1
3	2890	41.857117262607	1
3	2902	41.993310435038	1
3	2910	42.107064285592	1
3	2912	42.172187358784	1
3	2918	42.232645480618	1
3	2926	42.345681035209	1
3	2932	42.422593015319	1
3	2940	42.51599904858	1
3	2952	42.742983050158	1
3	2958	42.868403377167	1
3	2986	43.332368629804	1
3	2992	43.395761631743	1
3	2994	43.420210733947	1
3	2998	43.481094025321	1
3	3008	43.589884468682	1
3	3020	43.826776285766	1
3	3022	43.857336775947	1
3	3024	43.872096379236	1
3	3026	43.874183101097	1
3	3034	43.900218242252	1
3	3040	44.042256587811	1
3	3052	44.255612916558	1
3	3060	44.294181685963	1
3	3072	44.528966062106	1
3	3074	44.577329900855	1
3	3082	44.681114908404	1
3	3088	44.769865101252	1
3	3094	44.809122404071	1
3	3106	44.986936737754	1
3	3108	45.060273505071	1
3	3116	45.159423934361	1
3	3118	45.159429469551	1
3	3130	45.365511593639	1
3	3136	45.402887923021	1
3	3138	45.434845388508	1
3	3146	45.490262471413	1
3	3152	45.650234415597	1
3	3164	45.866810783684	1
3	3172	45.887345560558	1
3	3178	46.001251325625	1
3	3196	46.306569792584	1
3	3198	46.367474253855	1
3	3210	46.483785582198	1
3	3212	46.549835890173	1
3	3214	46.57410773954	1
3	3226	46.729574033321	1
3	3242	47.024022061063	1
3	3245	47.050086074001	1
3	3254	47.181336873298	1
3	3266	47.393611538692	1
3	3269	47.422906684541	1
3	3273	47.460549619693	1
3	3277	47.484541971637	1
3	3296	47.800251525779	1
3	3299	47.873274292303	1
3	3308	47.937093152862	1
3	3310	47.939692927381	1
3	3316	48.064028005176	1
3	3320	48.087280507014	1
3	3326	48.103967971137	1
3	3328	48.159251808202	1
3	3336	48.290349045018	1
3	3342	48.337216692616	1
3	3348	48.441137256274	1
3	3356	48.50342018725	1
3	3358	48.527612151727	1
3	3360	48.560133753525	1
3	3362	48.580769552885	1
3	3368	48.669148118488	1
3	3380	48.833955735804	1
3	3392	49.033359655932	1
3	3400	49.170827651312	1
3	3402	49.183330910304	1
3	3410	49.295676960259	1
3	3416	49.368529344532	1
3	3422	49.400949255881	1
3	3424	49.415113459361	1
3	3426	49.434339603445	1
3	3434	49.560520870794	1
3	3442	49.682420805312	1
3	3448	49.732848798637	1
3	3450	49.795052490545	1
3	3456	49.87839031461	1
3	3468	50.061916654904	1
3	3472	50.082162531274	1
3	3478	50.105086963795	1
3	3480	50.120734540833	1
3	3482	50.138761970791	1
3	3488	50.205716029877	1
3	3490	50.219050092204	1
3	3492	50.262995631253	1
3	3500	50.391038066651	1
3	3516	50.673101661493	1
3	3518	50.676194290649	1
3	3530	50.821149768292	1
3	3538	50.958584069734	1
3	3546	51.096680379301	1
3	3552	51.106397147138	1
3	3564	51.340446343204	1
3	3566	51.364966152468	1
3	3568	51.373677010794	1
3	3580	51.512008657409	1
3	3582	51.592347833676	1
3	3594	51.723910459506	1
3	3600	51.811731967378	1
3	3602	51.816400741742	1
3	3620	52.143250381824	1
3	3622	52.16671596675	1
3	3628	52.201267925121	1
3	3630	52.235083396605	1
3	3632	52.262636190309	1
3	3640	52.375728038228	1
3	3642	52.386296755638	1
3	3644	52.392808042117	1
3	3646	52.394464651559	1
3	3652	52.475578753782	1
3	3670	52.740834605334	1
3	3672	52.741762907772	1
3	3678	52.852603883193	1
3	3690	53.031602843641	1
3	3698	53.185385715089	1
3	3724	53.600982824645	1
3	3726	53.634073812763	1
3	3734	53.755642860099	1
3	3740	53.843930914595	1
3	3742	53.863975134104	1
3	3744	53.870584335173	1
3	3752	53.942408983184	1
3	3758	54.008889758139	1
3	3762	54.095746331286	1
3	3782	54.475148709595	1
3	3794	54.630049877511	1
3	3806	54.839205534773	1
3	3814	54.9324667203	1
3	3816	54.973739706973	1
3	3818	54.998381289194	1
3	3840	55.324273386912	1
3	3842	55.385001315774	1
3	3848	55.411359027058	1
3	3860	55.622447904496	1
3	3878	55.920667972043	1
3	3880	55.988448172249	1
3	3896	56.272112191587	1
3	3904	56.397835891144	1
3	3916	56.558381767451	1
3	3922	56.624966016115	1
3	3930	56.724512380452	1
3	3936	56.847800426755	1
3	3948	57.055176573065	1
3	3956	57.12412002685	1
3	3958	57.158795357229	1
3	3970	57.344938521527	1
3	3982	57.533948691337	1
3	3984	57.555558312996	1
3	3990	57.651759505655	1
3	3998	57.80018375392	1
3	4004	57.801516278403	1
3	4022	58.167482011479	1
3	4028	58.210135592683	1
3	4040	58.408410483143	1
3	4043	58.424443892592	1
3	4052	58.576050785575	1
3	4068	58.976845751062	1
3	4080	59.397031693687	1
3	4083	59.462111427923	1
3	4094	59.602178997619	1
3	4097	59.670973345465	1
3	4099	59.671378977597	1
3	4108	59.773397686392	1
3	4114	59.804797476198	1
3	4116	59.850776607976	1
4	2	0.079587450457	1
4	5	0.169443489305	1
4	15	0.29503656511	1
4	25	0.480996986317	1
4	30	0.573319299464	1
4	41	0.768473833052	1
4	46	0.84719394705	1
4	57	1.03509035247	1
4	64	1.090195201137	1
4	69	1.187895843776	1
4	77	1.291711773842	1
4	83	1.340224590214	1
4	85	1.397776509902	2
4	87	1.433092423816	3
4	103	1.65544486602	1
4	105	1.661283332929	2
4	123	1.992774560922	1
4	126	2.024610175006	1
4	130	2.072970385501	2
4	137	2.137915020326	2
4	149	2.294804632088	1
4	155	2.46202575212	1
4	163	2.537293163451	1
4	169	2.602681420173	1
4	173	2.686624705463	2
4	179	2.736511906365	2
4	195	2.99633731495	1
4	205	3.177174241377	1
4	208	3.184542776924	1
4	212	3.225700576548	2
4	214	3.23481667916	3
4	221	3.339277929991	3
4	223	3.341320488831	4
4	229	3.387245302557	4
4	237	3.565994068901	4
4	259	3.881011061769	1
4	265	4.031589487633	1
4	267	4.046712572999	2
4	279	4.250743998793	1
4	291	4.454833220384	1
4	305	4.839355407298	1
4	310	4.903526324566	1
4	319	5.064050280272	1
4	329	5.225450487761	1
4	336	5.287343433724	1
4	341	5.360839875843	1
4	349	5.512493473242	1
4	359	5.626087367413	1
4	362	5.638674808357	1
4	371	5.766197578579	1
4	377	5.868340766014	1
4	385	5.955572885518	1
4	387	5.971045853568	2
4	393	6.048129319415	2
4	411	6.337571367214	1
4	419	6.479707835223	1
4	426	6.553490564399	1
4	428	6.564685180462	2
4	433	6.618241752485	2
4	441	6.682411222688	2
4	443	6.713139257903	3
4	445	6.733759586106	4
4	457	6.882585068681	3
4	463	7.016114087143	3
4	465	7.077022329461	4
4	473	7.101427178535	4
4	479	7.185460649096	4
4	481	7.199988451825	5
4	483	7.201885308745	6
4	485	7.241062389813	7
4	493	7.33720048372	7
4	495	7.353414132665	8
4	501	7.448113800382	8
4	503	7.473257993589	9
4	511	7.569212791326	9
4	517	7.618068496257	9
4	535	7.905859998385	7
4	547	8.138751335806	6
4	553	8.253265231276	6
4	561	8.313039838958	6
4	563	8.357591688463	7
4	569	8.452541146813	7
4	577	8.509994387487	7
4	589	8.742629493656	6
4	595	8.862240273602	6
4	597	8.87269639618	7
4	599	8.878907925227	8
4	621	9.228929293672	5
4	629	9.338820540427	5
4	635	9.444703953576	5
4	643	9.555763698145	5
4	645	9.574506304747	6
4	651	9.598126975355	6
4	653	9.642467378217	7
4	655	9.65627024706	8
4	667	9.795174516039	7
4	669	9.833070712467	8
4	677	9.926676868444	8
4	679	9.971887074466	9
4	685	10.011198330196	9
4	693	10.095641109549	9
4	695	10.09955942519	10
4	697	10.157291856271	11
4	703	10.257878956788	11
4	731	10.703328641406	7
4	747	11.022623305611	5
4	749	11.033386816427	6
4	757	11.139169457762	6
4	759	11.16259960964	7
4	765	11.263401534182	7
4	773	11.280992888725	7
4	799	11.817002923749	3
4	807	11.922877195258	3
4	813	12.010068780621	3
4	815	12.039276833948	4
4	823	12.092783301656	4
4	825	12.155577459755	5
4	831	12.219955559915	5
4	833	12.247983260763	6
4	841	12.34566966817	6
4	843	12.362982413785	7
4	849	12.404232536777	7
4	851	12.415928077756	8
4	859	12.528244907909	8
4	865	12.635052127624	8
4	867	12.673207711961	9
4	875	12.688078938886	9
4	881	12.838742472213	9
4	883	12.860630531864	10
4	901	13.159349521049	8
4	907	13.205350916823	8
4	915	13.313977854911	8
4	927	13.486011020683	7
4	929	13.487377478526	8
4	931	13.497591966678	9
4	937	13.595102160094	9
4	945	13.777084052022	9
4	957	13.889065488597	8
4	959	13.899168966128	9
4	975	14.256527803362	7
4	997	14.63143094932	4
4	1009	14.841963079399	3
4	1017	14.905196739039	3
4	1019	14.976455098372	4
4	1041	15.352647826822	1
4	1043	15.358380519464	2
4	1049	15.451228369154	2
4	1057	15.511223057818	2
4	1063	15.645647585033	2
4	1065	15.647666597848	3
4	1067	15.651664227754	4
4	1075	15.709952066641	4
4	1077	15.743193090737	5
4	1099	16.132350103022	2
4	1101	16.145155779553	3
4	1107	16.189697725745	3
4	1109	16.224815334683	4
4	1117	16.290379963119	4
4	1119	16.303018826762	5
4	1125	16.419706179417	5
4	1127	16.457976274303	6
4	1139	16.670399994003	5
4	1147	16.723888431579	5
4	1159	16.974279609888	4
4	1165	16.980909350036	4
4	1167	17.005348894844	5
4	1175	17.123267847551	5
4	1181	17.206552199158	5
4	1189	17.290161952355	5
4	1201	17.490486004606	4
4	1203	17.521327488616	5
4	1209	17.592452282338	5
4	1211	17.666528177383	6
4	1229	17.915086413081	4
4	1231	17.924951443923	5
4	1243	18.178981894719	4
4	1249	18.264771458826	4
4	1251	18.27344850706	5
4	1269	18.538374099928	3
4	1271	18.570908141481	4
4	1277	18.609264162891	4
4	1279	18.610204237957	5
4	1287	18.720288828966	5
4	1299	18.905021594066	4
4	1301	18.919154665422	5
4	1307	19.02333273084	5
4	1315	19.149326111851	5
4	1327	19.333454359	4
4	1329	19.367619775703	5
4	1335	19.398371548079	5
4	1337	19.418606591936	6
4	1339	19.469326604262	7
4	1347	19.557639508458	7
4	1353	19.638119248438	7
4	1355	19.640150494318	8
4	1357	19.658175719516	9
4	1369	19.834749826757	8
4	1377	19.880922916361	8
4	1379	19.88139357041	9
4	1381	19.897227721033	10
4	1387	20.01049113523	10
4	1395	20.094799438445	10
4	1397	20.12627160453	11
4	1403	20.247922469874	11
4	1415	20.380798257249	10
4	1417	20.414832931073	11
4	1435	20.742347248844	9
4	1441	20.799137664192	9
4	1443	20.827739761443	10
4	1451	20.968842202372	10
4	1457	21.054681499155	10
4	1465	21.105115879814	10
4	1471	21.194774966893	10
4	1483	21.421148324479	9
4	1491	21.506070405635	9
4	1497	21.607936278637	9
4	1499	21.633178277926	10
4	1511	21.855328967773	9
4	1529	22.160557133461	7
4	1535	22.274517929814	7
4	1543	22.333780332559	7
4	1549	22.393418271992	7
4	1561	22.580764259978	6
4	1579	22.965064918302	4
4	1591	23.085288775027	3
4	1593	23.097641439763	4
4	1595	23.13294345309	5
4	1601	23.278625308946	5
4	1613	23.446717529401	4
4	1621	23.499789779063	4
4	1623	23.550291653838	5
4	1629	23.662819855522	5
4	1641	23.875769795129	4
4	1649	23.904510842736	4
4	1655	23.991564425369	4
4	1657	24.02913830961	5
4	1669	24.242621354608	4
4	1687	24.579058399913	2
4	1699	24.696996693277	1
4	1705	24.785782834321	1
4	1713	24.914973761201	1
4	1719	25.022757249615	1
4	1727	25.092337195705	1
4	1729	25.168523972835	2
4	1749	25.481070808601	1
4	1752	25.507276532769	1
4	1757	25.610556233834	1
4	1759	25.66078731366	2
4	1767	25.715926912673	2
4	1773	25.812372269222	2
4	1781	25.905612557263	2
4	1783	25.970023028095	3
4	1785	25.97196100623	4
4	1791	26.035473777793	4
4	1793	26.07136649938	5
4	1805	26.197270851106	4
4	1813	26.305202870972	4
4	1815	26.33916934423	5
4	1817	26.3734293067	6
4	1823	26.421792875359	6
4	1831	26.518030380936	6
4	1837	26.65632830159	6
4	1845	26.712324408597	6
4	1857	26.923069169092	5
4	1859	26.937626566937	6
4	1861	26.948481276786	7
4	1867	26.983903690011	7
4	1869	26.993595965469	8
4	1871	27.077984812728	9
4	1879	27.121687614105	9
4	1885	27.211060521936	9
4	1893	27.291315720512	9
4	1895	27.376723694076	10
4	1897	27.380144035912	11
4	1909	27.48604497445	10
4	1925	27.833298522378	8
4	1933	27.938883483244	8
4	1935	27.977596492459	9
4	1941	28.034057542571	9
4	1943	28.059065692069	10
4	1961	28.285929091338	8
4	1963	28.301158453863	9
4	1965	28.346975742259	10
4	1967	28.357207803744	11
4	1973	28.414453958887	11
4	1995	28.828234934938	8
4	2007	29.050726400661	7
4	2011	29.080882991983	8
4	2021	29.244972749776	7
4	2029	29.321980435731	7
4	2035	29.443682385265	7
4	2043	29.503089735097	7
4	2045	29.51365099946	8
4	2047	29.52413918302	9
4	2059	29.776067396028	8
4	2065	29.819501961622	8
4	2073	29.944762714113	8
4	2079	30.008108975885	8
4	2117	30.684648027879	2
4	2123	30.868621306387	2
4	2131	30.884808315058	2
4	2143	31.119826044033	1
4	2155	31.322416925743	1
4	2158	31.326245217031	1
4	2160	31.343977774546	2
4	2164	31.414969567268	3
4	2171	31.51056620966	3
4	2177	31.528820069848	3
4	2179	31.542038440809	4
4	2187	31.69302078637	4
4	2199	31.881413675029	3
4	2211	32.081612324582	2
4	2221	32.246284234715	1
4	2225	32.299284522529	2
4	2231	32.383472618702	2
4	2233	32.398551719721	3
4	2239	32.45083872273	3
4	2241	32.454217401285	4
4	2243	32.461384939716	5
4	2265	32.866369623596	2
4	2273	32.985913480224	2
4	2279	33.032640736865	2
4	2283	33.09307064405	3
4	2289	33.147556356864	3
4	2295	33.275589777245	3
4	2299	33.280781032463	4
4	2311	33.482058306084	3
4	2317	33.527549490563	3
4	2335	33.898545549753	1
4	2337	33.900222326352	2
4	2349	34.093880050101	1
4	2351	34.120112981018	2
4	2353	34.12129130421	3
4	2363	34.266070712409	2
4	2367	34.310695994461	3
4	2383	34.599157169671	1
4	2395	34.730087006073	1
4	2403	34.868716141275	1
4	2408	34.887545638797	1
4	2410	34.929006893063	2
4	2417	35.002620003062	2
4	2423	35.069866054745	2
4	2425	35.075453060034	3
4	2429	35.116850952301	4
4	2431	35.139164873111	5
4	2433	35.158947823857	6
4	2435	35.160817370899	7
4	2441	35.179569266019	7
4	2449	35.33741053823	7
4	2455	35.399670272628	7
4	2457	35.425020843142	8
4	2469	35.632623949186	7
4	2475	35.674989659322	7
4	2489	35.963444088163	6
4	2505	36.226665974418	4
4	2513	36.32037984619	4
4	2519	36.442259526524	4
4	2527	36.533055929256	4
4	2529	36.536291609721	5
4	2541	36.689374732348	4
4	2543	36.707370466503	5
4	2549	36.776690443457	5
4	2555	36.873838659266	5
4	2557	36.879006949846	6
4	2561	36.965099313514	7
4	2573	37.085196404168	6
4	2575	37.112363211202	7
4	2601	37.600276500001	3
4	2617	37.872411325592	1
4	2621	37.903508106089	2
4	2627	37.998691076843	2
4	2635	38.112350726369	2
4	2641	38.189058691826	2
4	2653	38.388775888575	1
4	2659	38.477913746266	1
4	2667	38.616881452644	1
4	2675	38.74785998978	1
4	2691	39.081653423165	1
4	2694	39.119042072755	1
4	2699	39.199840078095	1
4	2701	39.250626590364	2
4	2703	39.274501877649	3
4	2711	39.298054334991	3
4	2713	39.323214196302	4
4	2715	39.34381740115	5
4	2717	39.36850332803	6
4	2733	39.65741088722	4
4	2741	39.741708764761	4
4	2747	39.876243508084	4
4	2755	39.936411406736	4
4	2761	40.0038358637	4
4	2779	40.355283731754	2
4	2781	40.381085008148	3
4	2793	40.495198798434	2
4	2795	40.524549563626	3
4	2797	40.533464992626	4
4	2799	40.539443088918	5
4	2801	40.54525032513	6
4	2807	40.602240081661	6
4	2809	40.66915145403	7
4	2817	40.706518433469	7
4	2829	40.919385442922	6
4	2835	41.038571253287	6
4	2857	41.41324071467	3
4	2859	41.460682343703	4
4	2867	41.55682630086	4
4	2869	41.576623074393	5
4	2875	41.654820646481	5
4	2877	41.657319481812	6
4	2889	41.8501554955	5
4	2891	41.857117262607	6
4	2903	41.993310435038	5
4	2911	42.107064285592	5
4	2913	42.172187358784	6
4	2919	42.232645480618	6
4	2927	42.345681035209	6
4	2933	42.422593015319	6
4	2941	42.51599904858	6
4	2953	42.742983050158	5
4	2959	42.868403377167	5
4	2987	43.332368629804	1
4	2993	43.395761631743	1
4	2995	43.420210733947	2
4	2999	43.481094025321	3
4	3009	43.589884468682	2
4	3021	43.826776285766	1
4	3023	43.857336775947	2
4	3025	43.872096379236	3
4	3027	43.874183101097	4
4	3035	43.900218242252	4
4	3041	44.042256587811	4
4	3053	44.255612916558	3
4	3061	44.294181685963	3
4	3073	44.528966062106	2
4	3075	44.577329900855	3
4	3083	44.681114908404	3
4	3089	44.769865101252	3
4	3095	44.809122404071	3
4	3107	44.986936737754	2
4	3109	45.060273505071	3
4	3117	45.159423934361	3
4	3119	45.159429469551	4
4	3131	45.365511593639	3
4	3137	45.402887923021	3
4	3139	45.434845388508	4
4	3147	45.490262471413	4
4	3153	45.650234415597	4
4	3165	45.866810783684	3
4	3173	45.887345560558	3
4	3179	46.001251325625	3
4	3197	46.306569792584	1
4	3199	46.367474253855	2
4	3211	46.483785582198	1
4	3213	46.549835890173	2
4	3215	46.57410773954	3
4	3227	46.729574033321	2
4	3243	47.024022061063	1
4	3246	47.050086074001	1
4	3255	47.181336873298	1
4	3267	47.393611538692	1
4	3270	47.422906684541	1
4	3274	47.460549619693	2
4	3278	47.484541971637	3
4	3297	47.800251525779	1
4	3300	47.873274292303	1
4	3309	47.937093152862	1
4	3311	47.939692927381	2
4	3317	48.064028005176	2
4	3321	48.087280507014	3
4	3327	48.103967971137	3
4	3329	48.159251808202	4
4	3337	48.290349045018	4
4	3343	48.337216692616	4
4	3349	48.441137256274	4
4	3357	48.50342018725	4
4	3359	48.527612151727	5
4	3361	48.560133753525	6
4	3363	48.580769552885	7
4	3369	48.669148118488	7
4	3381	48.833955735804	6
4	3393	49.033359655932	5
4	3401	49.170827651312	5
4	3403	49.183330910304	6
4	3411	49.295676960259	6
4	3417	49.368529344532	6
4	3423	49.400949255881	6
4	3425	49.415113459361	7
4	3427	49.434339603445	8
4	3435	49.560520870794	8
4	3443	49.682420805312	8
4	3449	49.732848798637	8
4	3451	49.795052490545	9
4	3457	49.87839031461	9
4	3469	50.061916654904	8
4	3473	50.082162531274	9
4	3479	50.105086963795	9
4	3481	50.120734540833	10
4	3483	50.138761970791	11
4	3489	50.205716029877	11
4	3491	50.219050092204	12
4	3493	50.262995631253	13
4	3501	50.391038066651	13
4	3517	50.673101661493	11
4	3519	50.676194290649	12
4	3531	50.821149768292	11
4	3539	50.958584069734	11
4	3547	51.096680379301	11
4	3553	51.106397147138	11
4	3565	51.340446343204	10
4	3567	51.364966152468	11
4	3569	51.373677010794	12
4	3581	51.512008657409	11
4	3583	51.592347833676	12
4	3595	51.723910459506	11
4	3601	51.811731967378	11
4	3603	51.816400741742	12
4	3621	52.143250381824	10
4	3623	52.16671596675	11
4	3629	52.201267925121	11
4	3631	52.235083396605	12
4	3633	52.262636190309	13
4	3641	52.375728038228	13
4	3643	52.386296755638	14
4	3645	52.392808042117	15
4	3647	52.394464651559	16
4	3653	52.475578753782	16
4	3671	52.740834605334	14
4	3673	52.741762907772	15
4	3679	52.852603883193	15
4	3691	53.031602843641	14
4	3699	53.185385715089	14
4	3725	53.600982824645	10
4	3727	53.634073812763	11
4	3735	53.755642860099	11
4	3741	53.843930914595	11
4	3743	53.863975134104	12
4	3745	53.870584335173	13
4	3753	53.942408983184	13
4	3759	54.008889758139	13
4	3763	54.095746331286	14
4	3783	54.475148709595	11
4	3795	54.630049877511	10
4	3807	54.839205534773	9
4	3815	54.9324667203	9
4	3817	54.973739706973	10
4	3819	54.998381289194	11
4	3841	55.324273386912	8
4	3843	55.385001315774	9
4	3849	55.411359027058	9
4	3861	55.622447904496	8
4	3879	55.920667972043	6
4	3881	55.988448172249	7
4	3897	56.272112191587	5
4	3905	56.397835891144	5
4	3917	56.558381767451	4
4	3923	56.624966016115	4
4	3931	56.724512380452	4
4	3937	56.847800426755	4
4	3949	57.055176573065	3
4	3957	57.12412002685	3
4	3959	57.158795357229	4
4	3971	57.344938521527	3
4	3983	57.533948691337	2
4	3985	57.555558312996	3
4	3991	57.651759505655	3
4	3999	57.80018375392	3
4	4005	57.801516278403	3
4	4023	58.167482011479	1
4	4029	58.210135592683	1
4	4041	58.408410483143	1
4	4044	58.424443892592	1
4	4053	58.576050785575	1
4	4069	58.976845751062	1
4	4081	59.397031693687	1
4	4084	59.462111427923	1
4	4095	59.602178997619	1
4	4098	59.670973345465	1
4	4100	59.671378977597	2
4	4109	59.773397686392	2
4	4115	59.804797476198	2
4	4117	59.850776607976	3
5	7	0.179687450457	1
5	10	0.279687450457	1
5	20	0.39513656511	1
5	32	0.581096986317	1
5	37	0.681096986317	1
5	48	0.868573833052	1
5	53	0.968573833052	1
5	66	1.13519035247	1
5	71	1.23519035247	1
5	79	1.33519035247	1
5	89	1.43519035247	1
5	95	1.53519035247	1
5	99	1.63519035247	1
5	109	1.73519035247	1
5	113	1.83519035247	1
5	119	1.93519035247	1
5	134	2.092874560922	1
5	139	2.192874560922	1
5	145	2.292874560922	1
5	151	2.392874560922	1
5	159	2.492874560922	1
5	165	2.592874560922	1
5	175	2.692874560922	1
5	181	2.792874560922	1
5	187	2.892874560922	1
5	191	2.992874560922	1
5	202	3.09643731495	1
5	216	3.277274241377	1
5	225	3.377274241377	1
5	231	3.477274241377	1
5	239	3.577274241377	1
5	243	3.677274241377	1
5	249	3.777274241377	1
5	253	3.877274241377	1
5	261	3.977274241377	1
5	269	4.077274241377	1
5	275	4.177274241377	1
5	281	4.277274241377	1
5	287	4.377274241377	1
5	298	4.554933220384	1
5	312	4.939455407298	1
5	315	5.039455407298	1
5	326	5.164150280272	1
5	338	5.325550487761	1
5	343	5.425550487761	1
5	351	5.525550487761	1
5	355	5.625550487761	1
5	368	5.726187367413	1
5	373	5.826187367413	1
5	381	5.926187367413	1
5	389	6.026187367413	1
5	397	6.126187367413	1
5	401	6.226187367413	1
5	407	6.326187367413	1
5	416	6.437671367214	1
5	430	6.579807835223	1
5	437	6.679807835223	1
5	447	6.779807835223	1
5	453	6.879807835223	1
5	459	6.979807835223	1
5	469	7.079807835223	1
5	475	7.179807835223	1
5	489	7.279807835223	1
5	497	7.379807835223	1
5	507	7.479807835223	1
5	513	7.579807835223	1
5	521	7.679807835223	1
5	525	7.779807835223	1
5	531	7.879807835223	1
5	537	7.979807835223	1
5	543	8.079807835223	1
5	549	8.179807835223	1
5	557	8.279807835223	1
5	565	8.379807835223	1
5	573	8.479807835223	1
5	579	8.579807835223	1
5	585	8.679807835223	1
5	591	8.779807835223	1
5	603	8.879807835223	1
5	607	8.979807835223	1
5	613	9.079807835223	1
5	617	9.179807835223	1
5	625	9.279807835223	1
5	631	9.379807835223	1
5	639	9.479807835223	1
5	647	9.579807835223	1
5	659	9.679807835223	1
5	663	9.779807835223	1
5	673	9.879807835223	1
5	681	9.979807835223	1
5	689	10.079807835223	1
5	699	10.179807835223	1
5	707	10.279807835223	1
5	711	10.379807835223	1
5	717	10.479807835223	1
5	721	10.579807835223	1
5	727	10.679807835223	1
5	733	10.779807835223	1
5	739	10.879807835223	1
5	743	10.979807835223	1
5	753	11.079807835223	1
5	761	11.179807835223	1
5	769	11.279807835223	1
5	775	11.379807835223	1
5	781	11.479807835223	1
5	785	11.579807835223	1
5	791	11.679807835223	1
5	795	11.779807835223	1
5	803	11.879807835223	1
5	809	11.979807835223	1
5	819	12.079807835223	1
5	827	12.179807835223	1
5	837	12.279807835223	1
5	845	12.379807835223	1
5	855	12.479807835223	1
5	861	12.579807835223	1
5	871	12.679807835223	1
5	877	12.779807835223	1
5	887	12.879807835223	1
5	891	12.979807835223	1
5	897	13.079807835223	1
5	903	13.179807835223	1
5	911	13.279807835223	1
5	917	13.379807835223	1
5	923	13.479807835223	1
5	933	13.579807835223	1
5	941	13.679807835223	1
5	947	13.779807835223	1
5	953	13.879807835223	1
5	961	13.979807835223	1
5	967	14.079807835223	1
5	971	14.179807835223	1
5	979	14.279807835223	1
5	983	14.379807835223	1
5	989	14.479807835223	1
5	993	14.579807835223	1
5	1001	14.679807835223	1
5	1005	14.779807835223	1
5	1013	14.879807835223	1
5	1021	14.979807835223	1
5	1027	15.079807835223	1
5	1031	15.179807835223	1
5	1037	15.279807835223	1
5	1045	15.379807835223	1
5	1053	15.479807835223	1
5	1059	15.579807835223	1
5	1071	15.679807835223	1
5	1079	15.779807835223	1
5	1085	15.879807835223	1
5	1089	15.979807835223	1
5	1095	16.079807835223	1
5	1103	16.179807835223	1
5	1113	16.279807835223	1
5	1121	16.379807835223	1
5	1131	16.479807835223	1
5	1135	16.579807835223	1
5	1143	16.679807835223	1
5	1149	16.779807835223	1
5	1155	16.879807835223	1
5	1161	16.979807835223	1
5	1171	17.079807835223	1
5	1177	17.179807835223	1
5	1185	17.279807835223	1
5	1191	17.379807835223	1
5	1197	17.479807835223	1
5	1205	17.579807835223	1
5	1215	17.679807835223	1
5	1219	17.779807835223	1
5	1225	17.879807835223	1
5	1233	17.979807835223	1
5	1239	18.079807835223	1
5	1245	18.179807835223	1
5	1255	18.279807835223	1
5	1259	18.379807835223	1
5	1265	18.479807835223	1
5	1273	18.579807835223	1
5	1283	18.679807835223	1
5	1289	18.779807835223	1
5	1295	18.879807835223	1
5	1303	18.979807835223	1
5	1311	19.079807835223	1
5	1317	19.179807835223	1
5	1323	19.279807835223	1
5	1331	19.379807835223	1
5	1343	19.479807835223	1
5	1349	19.579807835223	1
5	1361	19.679807835223	1
5	1365	19.779807835223	1
5	1373	19.879807835223	1
5	1383	19.979807835223	1
5	1391	20.079807835223	1
5	1399	20.179807835223	1
5	1407	20.279807835223	1
5	1411	20.379807835223	1
5	1421	20.479807835223	1
5	1425	20.579807835223	1
5	1431	20.679807835223	1
5	1437	20.779807835223	1
5	1447	20.879807835223	1
5	1453	20.979807835223	1
5	1461	21.079807835223	1
5	1467	21.179807835223	1
5	1475	21.279807835223	1
5	1479	21.379807835223	1
5	1487	21.479807835223	1
5	1493	21.579807835223	1
5	1503	21.679807835223	1
5	1507	21.779807835223	1
5	1515	21.879807835223	1
5	1519	21.979807835223	1
5	1525	22.079807835223	1
5	1531	22.179807835223	1
5	1539	22.279807835223	1
5	1545	22.379807835223	1
5	1553	22.479807835223	1
5	1557	22.579807835223	1
5	1565	22.679807835223	1
5	1569	22.779807835223	1
5	1575	22.879807835223	1
5	1581	22.979807835223	1
5	1587	23.079807835223	1
5	1597	23.179807835223	1
5	1605	23.279807835223	1
5	1609	23.379807835223	1
5	1617	23.479807835223	1
5	1625	23.579807835223	1
5	1633	23.679807835223	1
5	1637	23.779807835223	1
5	1645	23.879807835223	1
5	1651	23.979807835223	1
5	1661	24.079807835223	1
5	1665	24.179807835223	1
5	1673	24.279807835223	1
5	1677	24.379807835223	1
5	1683	24.479807835223	1
5	1689	24.579807835223	1
5	1695	24.679807835223	1
5	1701	24.779807835223	1
5	1709	24.879807835223	1
5	1715	24.979807835223	1
5	1723	25.079807835223	1
5	1731	25.179807835223	1
5	1737	25.279807835223	1
5	1741	25.379807835223	1
5	1754	25.581170808601	1
5	1763	25.681170808601	1
5	1769	25.781170808601	1
5	1777	25.881170808601	1
5	1787	25.981170808601	1
5	1797	26.081170808601	1
5	1801	26.181170808601	1
5	1809	26.281170808601	1
5	1819	26.381170808601	1
5	1827	26.481170808601	1
5	1833	26.581170808601	1
5	1841	26.681170808601	1
5	1847	26.781170808601	1
5	1853	26.881170808601	1
5	1863	26.981170808601	1
5	1875	27.081170808601	1
5	1881	27.181170808601	1
5	1889	27.281170808601	1
5	1899	27.381170808601	1
5	1905	27.481170808601	1
5	1911	27.581170808601	1
5	1917	27.681170808601	1
5	1921	27.781170808601	1
5	1929	27.881170808601	1
5	1937	27.981170808601	1
5	1947	28.081170808601	1
5	1951	28.181170808601	1
5	1957	28.281170808601	1
5	1969	28.381170808601	1
5	1977	28.481170808601	1
5	1981	28.581170808601	1
5	1987	28.681170808601	1
5	1991	28.781170808601	1
5	1999	28.881170808601	1
5	2003	28.981170808601	1
5	2013	29.081170808601	1
5	2017	29.181170808601	1
5	2025	29.281170808601	1
5	2031	29.381170808601	1
5	2039	29.481170808601	1
5	2049	29.581170808601	1
5	2055	29.681170808601	1
5	2061	29.781170808601	1
5	2069	29.881170808601	1
5	2075	29.981170808601	1
5	2083	30.081170808601	1
5	2087	30.181170808601	1
5	2093	30.281170808601	1
5	2097	30.381170808601	1
5	2103	30.481170808601	1
5	2107	30.581170808601	1
5	2113	30.681170808601	1
5	2119	30.781170808601	1
5	2127	30.881170808601	1
5	2133	30.981170808601	1
5	2139	31.081170808601	1
5	2145	31.181170808601	1
5	2151	31.281170808601	1
5	2166	31.422516925743	1
5	2173	31.522516925743	1
5	2181	31.622516925743	1
5	2189	31.722516925743	1
5	2193	31.822516925743	1
5	2201	31.922516925743	1
5	2205	32.022516925743	1
5	2213	32.122516925743	1
5	2217	32.222516925743	1
5	2227	32.322516925743	1
5	2235	32.422516925743	1
5	2247	32.522516925743	1
5	2251	32.622516925743	1
5	2257	32.722516925743	1
5	2261	32.822516925743	1
5	2269	32.922516925743	1
5	2275	33.022516925743	1
5	2285	33.122516925743	1
5	2291	33.222516925743	1
5	2301	33.322516925743	1
5	2305	33.422516925743	1
5	2313	33.522516925743	1
5	2319	33.622516925743	1
5	2325	33.722516925743	1
5	2329	33.822516925743	1
5	2339	33.922516925743	1
5	2343	34.022516925743	1
5	2355	34.122516925743	1
5	2359	34.222516925743	1
5	2369	34.322516925743	1
5	2373	34.422516925743	1
5	2379	34.522516925743	1
5	2385	34.622516925743	1
5	2391	34.722516925743	1
5	2400	34.830187006073	1
5	2414	34.968816141275	1
5	2419	35.068816141275	1
5	2437	35.168816141275	1
5	2443	35.268816141275	1
5	2451	35.368816141275	1
5	2459	35.468816141275	1
5	2465	35.568816141275	1
5	2471	35.668816141275	1
5	2479	35.768816141275	1
5	2483	35.868816141275	1
5	2491	35.968816141275	1
5	2495	36.068816141275	1
5	2501	36.168816141275	1
5	2507	36.268816141275	1
5	2515	36.368816141275	1
5	2521	36.468816141275	1
5	2531	36.568816141275	1
5	2535	36.668816141275	1
5	2545	36.768816141275	1
5	2551	36.868816141275	1
5	2563	36.968816141275	1
5	2567	37.068816141275	1
5	2577	37.168816141275	1
5	2581	37.268816141275	1
5	2587	37.368816141275	1
5	2591	37.468816141275	1
5	2597	37.568816141275	1
5	2603	37.668816141275	1
5	2609	37.768816141275	1
5	2613	37.868816141275	1
5	2623	37.968816141275	1
5	2629	38.068816141275	1
5	2637	38.168816141275	1
5	2643	38.268816141275	1
5	2649	38.368816141275	1
5	2655	38.468816141275	1
5	2663	38.568816141275	1
5	2669	38.668816141275	1
5	2677	38.768816141275	1
5	2681	38.868816141275	1
5	2696	39.181753423165	1
5	2707	39.281753423165	1
5	2719	39.381753423165	1
5	2725	39.481753423165	1
5	2729	39.581753423165	1
5	2737	39.681753423165	1
5	2743	39.781753423165	1
5	2751	39.881753423165	1
5	2757	39.981753423165	1
5	2765	40.081753423165	1
5	2769	40.181753423165	1
5	2775	40.281753423165	1
5	2783	40.381753423165	1
5	2789	40.481753423165	1
5	2803	40.581753423165	1
5	2813	40.681753423165	1
5	2819	40.781753423165	1
5	2825	40.881753423165	1
5	2831	40.981753423165	1
5	2839	41.081753423165	1
5	2843	41.181753423165	1
5	2849	41.281753423165	1
5	2853	41.381753423165	1
5	2863	41.481753423165	1
5	2871	41.581753423165	1
5	2881	41.681753423165	1
5	2885	41.781753423165	1
5	2895	41.881753423165	1
5	2899	41.981753423165	1
5	2907	42.081753423165	1
5	2915	42.181753423165	1
5	2923	42.281753423165	1
5	2929	42.381753423165	1
5	2937	42.481753423165	1
5	2943	42.581753423165	1
5	2949	42.681753423165	1
5	2955	42.781753423165	1
5	2963	42.881753423165	1
5	2967	42.981753423165	1
5	2973	43.081753423165	1
5	2977	43.181753423165	1
5	2983	43.281753423165	1
5	2989	43.381753423165	1
5	3001	43.481753423165	1
5	3005	43.581753423165	1
5	3013	43.681753423165	1
5	3017	43.781753423165	1
5	3031	43.881753423165	1
5	3037	43.981753423165	1
5	3045	44.081753423165	1
5	3049	44.181753423165	1
5	3057	44.281753423165	1
5	3063	44.381753423165	1
5	3069	44.481753423165	1
5	3077	44.581753423165	1
5	3085	44.681753423165	1
5	3091	44.781753423165	1
5	3099	44.881753423165	1
5	3103	44.981753423165	1
5	3113	45.081753423165	1
5	3121	45.181753423165	1
5	3127	45.281753423165	1
5	3133	45.381753423165	1
5	3143	45.481753423165	1
5	3149	45.581753423165	1
5	3157	45.681753423165	1
5	3161	45.781753423165	1
5	3169	45.881753423165	1
5	3175	45.981753423165	1
5	3183	46.081753423165	1
5	3187	46.181753423165	1
5	3193	46.281753423165	1
5	3201	46.381753423165	1
5	3207	46.481753423165	1
5	3217	46.581753423165	1
5	3223	46.681753423165	1
5	3229	46.781753423165	1
5	3235	46.881753423165	1
5	3239	46.981753423165	1
5	3252	47.124122061063	1
5	3257	47.224122061063	1
5	3263	47.324122061063	1
5	3280	47.493711538692	1
5	3283	47.593711538692	1
5	3289	47.693711538692	1
5	3293	47.793711538692	1
5	3306	47.900351525779	1
5	3313	48.000351525779	1
5	3323	48.100351525779	1
5	3331	48.200351525779	1
5	3339	48.300351525779	1
5	3345	48.400351525779	1
5	3353	48.500351525779	1
5	3365	48.600351525779	1
5	3373	48.700351525779	1
5	3377	48.800351525779	1
5	3385	48.900351525779	1
5	3389	49.000351525779	1
5	3397	49.100351525779	1
5	3405	49.200351525779	1
5	3413	49.300351525779	1
5	3419	49.400351525779	1
5	3431	49.500351525779	1
5	3437	49.600351525779	1
5	3445	49.700351525779	1
5	3453	49.800351525779	1
5	3461	49.900351525779	1
5	3465	50.000351525779	1
5	3475	50.100351525779	1
5	3485	50.200351525779	1
5	3497	50.300351525779	1
5	3503	50.400351525779	1
5	3509	50.500351525779	1
5	3513	50.600351525779	1
5	3523	50.700351525779	1
5	3527	50.800351525779	1
5	3535	50.900351525779	1
5	3541	51.000351525779	1
5	3549	51.100351525779	1
5	3555	51.200351525779	1
5	3561	51.300351525779	1
5	3571	51.400351525779	1
5	3577	51.500351525779	1
5	3585	51.600351525779	1
5	3591	51.700351525779	1
5	3597	51.800351525779	1
5	3607	51.900351525779	1
5	3611	52.000351525779	1
5	3617	52.100351525779	1
5	3625	52.200351525779	1
5	3637	52.300351525779	1
5	3649	52.400351525779	1
5	3657	52.500351525779	1
5	3661	52.600351525779	1
5	3667	52.700351525779	1
5	3675	52.800351525779	1
5	3683	52.900351525779	1
5	3687	53.000351525779	1
5	3695	53.100351525779	1
5	3701	53.200351525779	1
5	3707	53.300351525779	1
5	3711	53.400351525779	1
5	3717	53.500351525779	1
5	3721	53.600351525779	1
5	3731	53.700351525779	1
5	3737	53.800351525779	1
5	3749	53.900351525779	1
5	3755	54.000351525779	1
5	3765	54.100351525779	1
5	3769	54.200351525779	1
5	3775	54.300351525779	1
5	3779	54.400351525779	1
5	3787	54.500351525779	1
5	3791	54.600351525779	1
5	3799	54.700351525779	1
5	3803	54.800351525779	1
5	3811	54.900351525779	1
5	3821	55.000351525779	1
5	3827	55.100351525779	1
5	3831	55.200351525779	1
5	3837	55.300351525779	1
5	3845	55.400351525779	1
5	3853	55.500351525779	1
5	3857	55.600351525779	1
5	3865	55.700351525779	1
5	3869	55.800351525779	1
5	3875	55.900351525779	1
5	3883	56.000351525779	1
5	3889	56.100351525779	1
5	3893	56.200351525779	1
5	3901	56.300351525779	1
5	3907	56.400351525779	1
5	3913	56.500351525779	1
5	3919	56.600351525779	1
5	3927	56.700351525779	1
5	3933	56.800351525779	1
5	3941	56.900351525779	1
5	3945	57.000351525779	1
5	3953	57.100351525779	1
5	3961	57.200351525779	1
5	3967	57.300351525779	1
5	3973	57.400351525779	1
5	3979	57.500351525779	1
5	3987	57.600351525779	1
5	3995	57.700351525779	1
5	4001	57.800351525779	1
5	4009	57.900351525779	1
5	4013	58.000351525779	1
5	4019	58.100351525779	1
5	4025	58.200351525779	1
5	4033	58.300351525779	1
5	4037	58.400351525779	1
5	4050	58.508510483143	1
5	4055	58.608510483143	1
5	4061	58.708510483143	1
5	4072	59.076945751062	1
5	4088	59.497131693687	1
5	4091	59.597131693687	1
5	4106	59.702278997619	1
5	4111	59.802278997619	1
6	12	0.279787450457	1
6	18	0.379787450457	1
6	28	0.49523656511	1
6	39	0.681196986317	1
6	44	0.781196986317	2
6	55	0.968673833052	2
6	60	1.068673833052	3
6	73	1.23529035247	3
6	81	1.33529035247	3
6	91	1.43529035247	4
6	97	1.53529035247	4
6	101	1.63529035247	5
6	111	1.73529035247	5
6	115	1.83529035247	6
6	121	1.93529035247	6
6	128	2.03529035247	7
6	141	2.192974560922	7
6	147	2.292974560922	7
6	153	2.392974560922	8
6	161	2.492974560922	8
6	167	2.592974560922	9
6	177	2.692974560922	9
6	183	2.792974560922	10
6	189	2.892974560922	10
6	193	2.992974560922	11
6	200	3.092974560922	11
6	210	3.19653731495	12
6	227	3.377374241377	12
6	233	3.477374241377	13
6	241	3.577374241377	13
6	245	3.677374241377	14
6	251	3.777374241377	14
6	255	3.877374241377	15
6	263	3.977374241377	15
6	271	4.077374241377	16
6	277	4.177374241377	16
6	283	4.277374241377	17
6	289	4.377374241377	17
6	294	4.477374241377	18
6	301	4.655033220384	18
6	317	5.039555407298	17
6	324	5.139555407298	17
6	332	5.264250280272	18
6	345	5.425650487761	18
6	353	5.525650487761	18
6	357	5.625650487761	19
6	366	5.725650487761	19
6	375	5.826287367413	20
6	383	5.926287367413	20
6	391	6.026287367413	21
6	399	6.126287367413	21
6	403	6.226287367413	22
6	409	6.326287367413	22
6	414	6.426287367413	23
6	424	6.537771367214	23
6	439	6.679907835223	23
6	449	6.779907835223	24
6	455	6.879907835223	24
6	461	6.979907835223	25
6	471	7.079907835223	25
6	477	7.179907835223	26
6	491	7.279907835223	26
6	499	7.379907835223	27
6	509	7.479907835223	27
6	515	7.579907835223	28
6	523	7.679907835223	28
6	527	7.779907835223	29
6	533	7.879907835223	29
6	539	7.979907835223	30
6	545	8.079907835223	30
6	551	8.179907835223	31
6	559	8.279907835223	31
6	567	8.379907835223	32
6	575	8.479907835223	32
6	581	8.579907835223	33
6	587	8.679907835223	33
6	593	8.779907835223	34
6	605	8.879907835223	34
6	609	8.979907835223	35
6	615	9.079907835223	35
6	619	9.179907835223	36
6	627	9.279907835223	36
6	633	9.379907835223	37
6	641	9.479907835223	37
6	649	9.579907835223	38
6	661	9.679907835223	38
6	665	9.779907835223	39
6	675	9.879907835223	39
6	683	9.979907835223	40
6	691	10.079907835223	40
6	701	10.179907835223	41
6	709	10.279907835223	41
6	713	10.379907835223	42
6	719	10.479907835223	42
6	723	10.579907835223	43
6	729	10.679907835223	43
6	735	10.779907835223	44
6	741	10.879907835223	44
6	745	10.979907835223	45
6	755	11.079907835223	45
6	763	11.179907835223	46
6	771	11.279907835223	46
6	777	11.379907835223	47
6	783	11.479907835223	47
6	787	11.579907835223	48
6	793	11.679907835223	48
6	797	11.779907835223	49
6	805	11.879907835223	49
6	811	11.979907835223	50
6	821	12.079907835223	50
6	829	12.179907835223	51
6	839	12.279907835223	51
6	847	12.379907835223	52
6	857	12.479907835223	52
6	863	12.579907835223	53
6	873	12.679907835223	53
6	879	12.779907835223	54
6	889	12.879907835223	54
6	893	12.979907835223	55
6	899	13.079907835223	55
6	905	13.179907835223	56
6	913	13.279907835223	56
6	919	13.379907835223	57
6	925	13.479907835223	57
6	935	13.579907835223	58
6	943	13.679907835223	58
6	949	13.779907835223	59
6	955	13.879907835223	59
6	963	13.979907835223	60
6	969	14.079907835223	60
6	973	14.179907835223	61
6	981	14.279907835223	61
6	985	14.379907835223	62
6	991	14.479907835223	62
6	995	14.579907835223	63
6	1003	14.679907835223	63
6	1007	14.779907835223	64
6	1015	14.879907835223	64
6	1023	14.979907835223	65
6	1029	15.079907835223	65
6	1033	15.179907835223	66
6	1039	15.279907835223	66
6	1047	15.379907835223	67
6	1055	15.479907835223	67
6	1061	15.579907835223	68
6	1073	15.679907835223	68
6	1081	15.779907835223	69
6	1087	15.879907835223	69
6	1091	15.979907835223	70
6	1097	16.079907835223	70
6	1105	16.179907835223	71
6	1115	16.279907835223	71
6	1123	16.379907835223	72
6	1133	16.479907835223	72
6	1137	16.579907835223	73
6	1145	16.679907835223	73
6	1151	16.779907835223	74
6	1157	16.879907835223	74
6	1163	16.979907835223	75
6	1173	17.079907835223	75
6	1179	17.179907835223	76
6	1187	17.279907835223	76
6	1193	17.379907835223	77
6	1199	17.479907835223	77
6	1207	17.579907835223	78
6	1217	17.679907835223	78
6	1221	17.779907835223	79
6	1227	17.879907835223	79
6	1235	17.979907835223	80
6	1241	18.079907835223	80
6	1247	18.179907835223	81
6	1257	18.279907835223	81
6	1261	18.379907835223	82
6	1267	18.479907835223	82
6	1275	18.579907835223	83
6	1285	18.679907835223	83
6	1291	18.779907835223	84
6	1297	18.879907835223	84
6	1305	18.979907835223	85
6	1313	19.079907835223	85
6	1319	19.179907835223	86
6	1325	19.279907835223	86
6	1333	19.379907835223	87
6	1345	19.479907835223	87
6	1351	19.579907835223	88
6	1363	19.679907835223	88
6	1367	19.779907835223	89
6	1375	19.879907835223	89
6	1385	19.979907835223	90
6	1393	20.079907835223	90
6	1401	20.179907835223	91
6	1409	20.279907835223	91
6	1413	20.379907835223	92
6	1423	20.479907835223	92
6	1427	20.579907835223	93
6	1433	20.679907835223	93
6	1439	20.779907835223	94
6	1449	20.879907835223	94
6	1455	20.979907835223	95
6	1463	21.079907835223	95
6	1469	21.179907835223	96
6	1477	21.279907835223	96
6	1481	21.379907835223	97
6	1489	21.479907835223	97
6	1495	21.579907835223	98
6	1505	21.679907835223	98
6	1509	21.779907835223	99
6	1517	21.879907835223	99
6	1521	21.979907835223	100
6	1527	22.079907835223	100
6	1533	22.179907835223	101
6	1541	22.279907835223	101
6	1547	22.379907835223	102
6	1555	22.479907835223	102
6	1559	22.579907835223	103
6	1567	22.679907835223	103
6	1571	22.779907835223	104
6	1577	22.879907835223	104
6	1583	22.979907835223	105
6	1589	23.079907835223	105
6	1599	23.179907835223	106
6	1607	23.279907835223	106
6	1611	23.379907835223	107
6	1619	23.479907835223	107
6	1627	23.579907835223	108
6	1635	23.679907835223	108
6	1639	23.779907835223	109
6	1647	23.879907835223	109
6	1653	23.979907835223	110
6	1663	24.079907835223	110
6	1667	24.179907835223	111
6	1675	24.279907835223	111
6	1679	24.379907835223	112
6	1685	24.479907835223	112
6	1691	24.579907835223	113
6	1697	24.679907835223	113
6	1703	24.779907835223	114
6	1711	24.879907835223	114
6	1717	24.979907835223	115
6	1725	25.079907835223	115
6	1733	25.179907835223	116
6	1739	25.279907835223	116
6	1743	25.379907835223	117
6	1747	25.479907835223	117
6	1765	25.681270808601	117
6	1771	25.781270808601	118
6	1779	25.881270808601	118
6	1789	25.981270808601	119
6	1799	26.081270808601	119
6	1803	26.181270808601	120
6	1811	26.281270808601	120
6	1821	26.381270808601	121
6	1829	26.481270808601	121
6	1835	26.581270808601	122
6	1843	26.681270808601	122
6	1849	26.781270808601	123
6	1855	26.881270808601	123
6	1865	26.981270808601	124
6	1877	27.081270808601	124
6	1883	27.181270808601	125
6	1891	27.281270808601	125
6	1901	27.381270808601	126
6	1907	27.481270808601	126
6	1913	27.581270808601	127
6	1919	27.681270808601	127
6	1923	27.781270808601	128
6	1931	27.881270808601	128
6	1939	27.981270808601	129
6	1949	28.081270808601	129
6	1953	28.181270808601	130
6	1959	28.281270808601	130
6	1971	28.381270808601	131
6	1979	28.481270808601	131
6	1983	28.581270808601	132
6	1989	28.681270808601	132
6	1993	28.781270808601	133
6	2001	28.881270808601	133
6	2005	28.981270808601	134
6	2015	29.081270808601	134
6	2019	29.181270808601	135
6	2027	29.281270808601	135
6	2033	29.381270808601	136
6	2041	29.481270808601	136
6	2051	29.581270808601	137
6	2057	29.681270808601	137
6	2063	29.781270808601	138
6	2071	29.881270808601	138
6	2077	29.981270808601	139
6	2085	30.081270808601	139
6	2089	30.181270808601	140
6	2095	30.281270808601	140
6	2099	30.381270808601	141
6	2105	30.481270808601	141
6	2109	30.581270808601	142
6	2115	30.681270808601	142
6	2121	30.781270808601	143
6	2129	30.881270808601	143
6	2135	30.981270808601	144
6	2141	31.081270808601	144
6	2147	31.181270808601	145
6	2153	31.281270808601	145
6	2162	31.381270808601	146
6	2175	31.522616925743	146
6	2183	31.622616925743	147
6	2191	31.722616925743	147
6	2195	31.822616925743	148
6	2203	31.922616925743	148
6	2207	32.022616925743	149
6	2215	32.122616925743	149
6	2219	32.222616925743	150
6	2229	32.322616925743	150
6	2237	32.422616925743	151
6	2249	32.522616925743	151
6	2253	32.622616925743	152
6	2259	32.722616925743	152
6	2263	32.822616925743	153
6	2271	32.922616925743	153
6	2277	33.022616925743	154
6	2287	33.122616925743	154
6	2293	33.222616925743	155
6	2303	33.322616925743	155
6	2307	33.422616925743	156
6	2315	33.522616925743	156
6	2321	33.622616925743	157
6	2327	33.722616925743	157
6	2331	33.822616925743	158
6	2341	33.922616925743	158
6	2345	34.022616925743	159
6	2357	34.122616925743	159
6	2361	34.222616925743	160
6	2371	34.322616925743	160
6	2375	34.422616925743	161
6	2381	34.522616925743	161
6	2387	34.622616925743	162
6	2393	34.722616925743	162
6	2398	34.822616925743	163
6	2412	34.930287006073	163
6	2421	35.068916141275	164
6	2439	35.168916141275	164
6	2445	35.268916141275	165
6	2453	35.368916141275	165
6	2461	35.468916141275	166
6	2467	35.568916141275	166
6	2473	35.668916141275	167
6	2481	35.768916141275	167
6	2485	35.868916141275	168
6	2493	35.968916141275	168
6	2497	36.068916141275	169
6	2503	36.168916141275	169
6	2509	36.268916141275	170
6	2517	36.368916141275	170
6	2523	36.468916141275	171
6	2533	36.568916141275	171
6	2537	36.668916141275	172
6	2547	36.768916141275	172
6	2553	36.868916141275	173
6	2565	36.968916141275	173
6	2569	37.068916141275	174
6	2579	37.168916141275	174
6	2583	37.268916141275	175
6	2589	37.368916141275	175
6	2593	37.468916141275	176
6	2599	37.568916141275	176
6	2605	37.668916141275	177
6	2611	37.768916141275	177
6	2615	37.868916141275	178
6	2625	37.968916141275	178
6	2631	38.068916141275	179
6	2639	38.168916141275	179
6	2645	38.268916141275	180
6	2651	38.368916141275	180
6	2657	38.468916141275	181
6	2665	38.568916141275	181
6	2671	38.668916141275	182
6	2679	38.768916141275	182
6	2683	38.868916141275	183
6	2687	38.968916141275	183
6	2709	39.281853423165	182
6	2721	39.381853423165	183
6	2727	39.481853423165	183
6	2731	39.581853423165	184
6	2739	39.681853423165	184
6	2745	39.781853423165	185
6	2753	39.881853423165	185
6	2759	39.981853423165	186
6	2767	40.081853423165	186
6	2771	40.181853423165	187
6	2777	40.281853423165	187
6	2785	40.381853423165	188
6	2791	40.481853423165	188
6	2805	40.581853423165	189
6	2815	40.681853423165	189
6	2821	40.781853423165	190
6	2827	40.881853423165	190
6	2833	40.981853423165	191
6	2841	41.081853423165	191
6	2845	41.181853423165	192
6	2851	41.281853423165	192
6	2855	41.381853423165	193
6	2865	41.481853423165	193
6	2873	41.581853423165	194
6	2883	41.681853423165	194
6	2887	41.781853423165	195
6	2897	41.881853423165	195
6	2901	41.981853423165	196
6	2909	42.081853423165	196
6	2917	42.181853423165	197
6	2925	42.281853423165	197
6	2931	42.381853423165	198
6	2939	42.481853423165	198
6	2945	42.581853423165	199
6	2951	42.681853423165	199
6	2957	42.781853423165	200
6	2965	42.881853423165	200
6	2975	43.081853423165	200
6	2985	43.281853423165	200
6	3003	43.481853423165	200
6	3015	43.681853423165	200
6	3033	43.881853423165	200
6	3047	44.081853423165	200
6	3059	44.281853423165	200
6	3071	44.481853423165	200
6	3087	44.681853423165	200
6	3101	44.881853423165	200
6	3115	45.081853423165	200
6	3129	45.281853423165	200
6	3145	45.481853423165	200
6	3159	45.681853423165	200
6	3171	45.881853423165	200
6	3185	46.081853423165	200
6	3195	46.281853423165	200
6	3209	46.481853423165	200
6	3225	46.681853423165	200
6	3237	46.881853423165	200
6	3250	47.081853423165	200
6	3265	47.324222061063	200
6	3285	47.593811538692	200
6	3291	47.693811538692	200
6	3304	47.893811538692	200
6	3325	48.100451525779	200
6	3341	48.300451525779	200
6	3355	48.500451525779	200
6	3375	48.700451525779	200
6	3387	48.900451525779	200
6	3399	49.100451525779	200
6	3415	49.300451525779	200
6	3433	49.500451525779	200
6	3447	49.700451525779	200
6	3463	49.900451525779	200
6	3477	50.100451525779	200
6	3499	50.300451525779	200
6	3511	50.500451525779	200
6	3525	50.700451525779	200
6	3537	50.900451525779	200
6	3551	51.100451525779	200
6	3563	51.300451525779	200
6	3579	51.500451525779	200
6	3593	51.700451525779	200
6	3609	51.900451525779	200
6	3619	52.100451525779	200
6	3639	52.300451525779	200
6	3659	52.500451525779	200
6	3669	52.700451525779	200
6	3685	52.900451525779	200
6	3697	53.100451525779	200
6	3709	53.300451525779	200
6	3719	53.500451525779	200
6	3733	53.700451525779	200
6	3751	53.900451525779	200
6	3767	54.100451525779	200
6	3777	54.300451525779	200
6	3789	54.500451525779	200
6	3801	54.700451525779	200
6	3813	54.900451525779	200
6	3829	55.100451525779	200
6	3839	55.300451525779	200
6	3855	55.500451525779	200
6	3867	55.700451525779	200
6	3877	55.900451525779	200
6	3891	56.100451525779	200
6	3903	56.300451525779	200
6	3915	56.500451525779	200
6	3929	56.700451525779	200
6	3943	56.900451525779	200
6	3955	57.100451525779	200
6	3969	57.300451525779	200
6	3981	57.500451525779	200
6	3997	57.700451525779	200
6	4011	57.900451525779	200
6	4021	58.100451525779	200
6	4035	58.300451525779	200
6	4048	58.500451525779	200
6	4063	58.708610483143	200
6	4077	59.177045751062	199
6	4093	59.597231693687	198
6	4104	59.697231693687	198
6	4113	59.802378997619	199
7	22	0.479787450457	0.4002
7	34	0.679787450457	0.510343961152
7	50	0.879787450457	0.584750885347
7	61	1.079787450457	0.59879046414
7	74	1.279787450457	0.706468150993
7	92	1.479787450457	0.711313617405
7	106	1.679787450457	0.832593503407
7	116	1.879787450457	0.844697097987
7	131	2.079787450457	0.98959224932
7	142	2.279787450457	1.091891606681
7	156	2.479787450457	1.188075676615
7	170	2.679787450457	1.339562860243
7	184	2.879787450457	1.482010940555
7	197	3.079787450457	1.646695026641
7	218	3.279787450457	1.624342584437
7	234	3.479787450457	1.818504117528
7	246	3.679787450457	1.687012889535
7	256	3.879787450457	1.855177275451
7	272	4.079787450457	2.006817064956
7	284	4.279787450457	2.141872430131
7	295	4.479787450457	2.184982818369
7	302	4.679787450457	2.217761698337
7	307	4.879787450457	2.342494287006
7	321	5.079787450457	2.477106030284
7	333	5.279787450457	2.593162744994
7	346	5.479787450457	2.743275544092
7	363	5.679787450457	2.683450135507
7	378	5.879787450457	2.70261320908
7	394	6.079787450457	2.895244673533
7	404	6.279787450457	3.054086873909
7	421	6.479787450457	3.244970771297
7	435	6.679787450457	3.340509520466
7	451	6.879787450457	3.538466961626
7	467	7.079787450457	3.6925421479
7	487	7.279787450457	3.713793381556
7	505	7.479787450457	3.598776388688
7	519	7.679787450457	3.648197962824
7	529	7.879787450457	3.833074877458
7	541	8.079787450457	3.829043451664
7	555	8.279787450457	3.824954230073
7	571	8.479787450457	3.640432043159
7	583	8.679787450457	3.776261125891
7	601	8.879787450457	3.815737170185
7	611	9.079787450457	3.854336962696
7	623	9.279787450457	3.992444016733
7	637	9.479787450457	4.118947574614
7	657	9.679787450457	4.167293977215
7	671	9.879787450457	4.253700083044
7	687	10.079787450457	4.4411126421
7	705	10.279787450457	4.513589871878
7	715	10.479787450457	4.611446684443
7	725	10.679787450457	4.724214564939
7	737	10.879787450457	4.908741596889
7	751	11.079787450457	5.031658131042
7	767	11.279787450457	4.942216083243
7	779	11.479787450457	5.000079615234
7	789	11.679787450457	5.126296886058
7	801	11.879787450457	5.315102269995
7	817	12.079787450457	5.461545697972
7	835	12.279787450457	5.597376227769
7	853	12.479787450457	5.766648192554
7	869	12.679787450457	5.946027864351
7	885	12.879787450457	5.997202381776
7	895	13.079787450457	6.063673363314
7	909	13.279787450457	6.202765120996
7	921	13.479787450457	6.378360271922
7	939	13.679787450457	6.494326801361
7	951	13.879787450457	6.679798998632
7	965	14.079787450457	6.877902141712
7	977	14.279787450457	7.038725060644
7	987	14.479787450457	7.142586966737
7	999	14.679787450457	7.326373317792
7	1011	14.879787450457	7.431673650075
7	1025	15.079787450457	7.606529456868
7	1035	15.279787450457	7.710574659131
7	1051	15.479787450457	7.8617189542
7	1069	15.679787450457	7.773927452072
7	1083	15.879787450457	7.741036114651
7	1093	16.079787450457	7.826522219181
7	1111	16.279787450457	7.966747611499
7	1129	16.479787450457	8.122195761994
7	1141	16.679787450457	8.227246303644
7	1153	16.879787450457	8.36979306297
7	1169	17.079787450457	8.337157956801
7	1183	17.279787450457	8.417547176855
7	1195	17.479787450457	8.607091054277
7	1213	17.679787450457	8.80087952523
7	1223	17.879787450457	8.650858156785
7	1237	18.079787450457	8.74096691003
7	1253	18.279787450457	8.835083496881
7	1263	18.479787450457	8.924023752312
7	1281	18.679787450457	9.10528114571
7	1293	18.879787450457	9.281660475102
7	1309	19.079787450457	9.43732007224
7	1321	19.279787450457	9.623517203397
7	1341	19.479787450457	9.684612934418
7	1359	19.679787450457	9.84671673799
7	1371	19.879787450457	9.953110582013
7	1389	20.079787450457	10.107900375991
7	1405	20.279787450457	10.268589120261
7	1419	20.479787450457	10.384146340908
7	1429	20.679787450457	10.580228025267
7	1445	20.879787450457	10.722495594186
7	1459	21.079787450457	10.821908493669
7	1473	21.279787450457	10.576458809051
7	1485	21.479787450457	10.457164144846
7	1501	21.679787450457	10.64640063403
7	1513	21.879787450457	10.740617992695
7	1523	22.079787450457	10.917187840817
7	1537	22.279787450457	11.016385916275
7	1551	22.479787450457	11.198794561732
7	1563	22.679787450457	10.862784526708
7	1573	22.879787450457	10.956910255199
7	1585	23.079787450457	11.069718669836
7	1603	23.279787450457	11.240510616509
7	1615	23.479787450457	11.387004148801
7	1631	23.679787450457	11.524209990702
7	1643	23.879787450457	11.659831890542
7	1659	24.079787450457	11.831804189694
7	1671	24.279787450457	11.934117782287
7	1681	24.479787450457	12.116805036672
7	1693	24.679787450457	12.27555491368
7	1707	24.879787450457	12.463859372701
7	1721	25.079787450457	12.551542542548
7	1735	25.279787450457	12.644735322833
7	1744	25.479787450457	12.806579738496
7	1760	25.679787450457	12.991708511571
7	1774	25.879787450457	13.041044978244
7	1794	26.079787450457	13.219156918593
7	1806	26.279787450457	13.120437929408
7	1824	26.479787450457	13.274436533634
7	1838	26.679787450457	13.365809595546
7	1850	26.879787450457	13.393776429774
7	1872	27.079787450457	13.592409971931
7	1886	27.279787450457	13.782195483779
7	1902	27.479787450457	13.884685290363
7	1914	27.679787450457	13.902703398435
7	1926	27.879787450457	13.99072196186
7	1944	28.079787450457	14.180618484329
7	1954	28.279787450457	14.023259647095
7	1974	28.479787450457	13.848356501137
7	1984	28.679787450457	13.837824371058
7	1996	28.879787450457	13.974590711418
7	2008	29.079787450457	14.103332352085
7	2022	29.279787450457	13.927139623635
7	2036	29.479787450457	14.121406930993
7	2052	29.679787450457	14.228559081303
7	2066	29.879787450457	14.368564392639
7	2080	30.079787450457	14.434139865424
7	2090	30.279787450457	14.632120852609
7	2100	30.479787450457	14.828123222703
7	2110	30.679787450457	14.969835383816
7	2124	30.879787450457	15.13659435972
7	2136	31.079787450457	14.947437347435
7	2148	31.279787450457	15.134631670904
7	2168	31.479787450457	15.290089724712
7	2184	31.679787450457	15.454972115774
7	2196	31.879787450457	15.589407487338
7	2208	32.079787450457	15.776768623695
7	2222	32.279787450457	15.86008127104
7	2244	32.479787450457	16.021811176154
7	2254	32.679787450457	16.009387456454
7	2266	32.879787450457	16.155899018878
7	2280	33.079787450457	16.105507840569
7	2296	33.279787450457	16.298878100421
7	2308	33.479787450457	16.474438555613
7	2322	33.679787450457	16.556519602906
7	2332	33.879787450457	16.673235251299
7	2346	34.079787450457	16.789625498102
7	2364	34.279787450457	16.789301445851
7	2376	34.479787450457	16.958459961841
7	2388	34.679787450457	17.087335168119
7	2405	34.879787450457	17.213259273074
7	2426	35.079787450457	17.164701037376
7	2446	35.279787450457	17.354836006534
7	2462	35.479787450457	17.300805555738
7	2476	35.679787450457	17.415015991631
7	2486	35.879787450457	17.606338943397
7	2498	36.079787450457	17.541413350529
7	2510	36.279787450457	17.708879308976
7	2524	36.479787450457	17.870523287566
7	2538	36.679787450457	18.0695832125
7	2558	36.879787450457	18.159498621491
7	2570	37.079787450457	18.174765856391
7	2584	37.279787450457	18.360632785035
7	2594	37.479787450457	18.456454719617
7	2606	37.679787450457	18.530461338606
7	2618	37.879787450457	18.546333091457
7	2632	38.079787450457	18.712167674754
7	2646	38.279787450457	18.881415902378
7	2660	38.479787450457	19.061180858521
7	2672	38.679787450457	19.210460846195
7	2684	38.879787450457	19.322147941999
7	2688	39.079787450457	19.441668202019
7	2704	39.279787450457	19.639636956139
7	2722	39.479787450457	19.821611730941
7	2734	39.679787450457	19.8450376237
7	2748	39.879787450457	19.998864534096
7	2762	40.079787450457	20.198393880047
7	2772	40.279787450457	20.382559729424
7	2786	40.479787450457	20.469296315227
7	2810	40.679787450457	20.584988012012
7	2822	40.879787450457	20.753515845927
7	2836	41.079787450457	20.831864980583
7	2846	41.279787450457	20.898989193208
7	2860	41.479787450457	21.064954519384
7	2878	41.679787450457	20.937440201613
7	2892	41.879787450457	21.080649786265
7	2904	42.079787450457	21.252047689014
7	2920	42.279787450457	21.310945248085
7	2934	42.479787450457	21.425105951302
7	2946	42.679787450457	21.574671570643
7	2960	42.879787450457	21.685012483564
7	2970	43.079787450457	21.658639125978
7	2980	43.279787450457	21.773717044822
7	2996	43.479787450457	21.87185117182
7	3010	43.679787450457	22.046609172531
7	3028	43.879787450457	22.024458482684
7	3042	44.079787450457	21.919230316996
7	3054	44.279787450457	22.005269520643
7	3066	44.479787450457	22.146007117898
7	3080	44.679787450457	22.286369178465
7	3096	44.879787450457	22.299023190479
7	3110	45.079787450457	22.114722532155
7	3124	45.279787450457	22.19449867543
7	3140	45.479787450457	22.382146010694
7	3154	45.679787450457	22.546843997367
7	3166	45.879787450457	22.601162141511
7	3180	46.079787450457	22.633069921056
7	3190	46.279787450457	22.779997671394
7	3204	46.479787450457	22.929495796619
7	3220	46.679787450457	23.016967594935
7	3232	46.879787450457	23.004017655328
7	3247	47.079787450457	23.175276607721
7	3260	47.279787450457	23.288223025088
7	3275	47.479787450457	23.450649140847
7	3286	47.679787450457	23.437166095849
7	3301	47.879787450457	23.300729050544
7	3318	48.079787450457	23.38279075718
7	3334	48.279787450457	23.494004616136
7	3350	48.479787450457	23.564813689256
7	3370	48.679787450457	23.657030200842
7	3382	48.879787450457	23.787450254752
7	3394	49.079787450457	23.911263477622
7	3408	49.279787450457	23.798716641856
7	3428	49.479787450457	23.972510917688
7	3440	49.679787450457	24.069231216623
7	3458	49.879787450457	24.219000136797
7	3470	50.079787450457	24.363860537784
7	3494	50.279787450457	24.467415181235
7	3506	50.479787450457	24.574174893194
7	3520	50.679787450457	24.709764422362
7	3532	50.879787450457	24.907826444227
7	3544	51.079787450457	25.044313672664
7	3558	51.279787450457	25.208420951077
7	3574	51.479787450457	25.282516599351
7	3588	51.679787450457	25.374584579485
7	3604	51.879787450457	25.540618106227
7	3614	52.079787450457	25.706358143757
7	3634	52.279787450457	25.857994575098
7	3654	52.479787450457	25.961757069521
7	3664	52.679787450457	26.023459148867
7	3680	52.879787450457	26.16746304186
7	3692	53.079787450457	26.156718281365
7	3704	53.279787450457	26.34216088352
7	3714	53.479787450457	26.531306173671
7	3728	53.679787450457	26.695883760446
7	3746	53.879787450457	26.886191484988
7	3760	54.079787450457	27.001802637729
7	3772	54.279787450457	27.158099836352
7	3784	54.479787450457	27.268726928521
7	3796	54.679787450457	27.388471729945
7	3808	54.879787450457	27.503063756381
7	3824	55.079787450457	27.699643414545
7	3834	55.279787450457	27.793742476007
7	3850	55.479787450457	27.646488928079
7	3862	55.679787450457	27.740903967213
7	3872	55.879787450457	27.902190957998
7	3886	56.079787450457	28.045729907886
7	3898	56.279787450457	28.220721758388
7	3910	56.479787450457	28.193858359119
7	3924	56.679787450457	28.378628996594
7	3938	56.879787450457	28.532811708198
7	3950	57.079787450457	28.722579646713
7	3964	57.279787450457	28.86533349157
7	3976	57.479787450457	28.651552515519
7	3992	57.679787450457	28.629061049796
7	4006	57.879787450457	28.798904458474
7	4016	58.079787450457	28.834814700681
7	4030	58.279787450457	28.957807014726
7	4045	58.479787450457	29.036105065192
7	4058	58.679787450457	29.17669771536
7	4066	58.879787450457	29.366136450997
7	4074	59.079787450457	29.555648267437
7	4078	59.279787450457	29.503720054429
7	4085	59.479787450457	29.660285488835
7	4101	59.679787450457	29.735024736344
7	4118	59.879787450457	29.871678474572
8	22	0.479787450457	1
8	34	0.679787450457	1
8	50	0.879787450457	1
8	61	1.079787450457	1
8	74	1.279787450457	1
8	92	1.479787450457	1
8	106	1.679787450457	1
8	116	1.879787450457	1
8	131	2.079787450457	1
8	142	2.279787450457	1
8	156	2.479787450457	1
8	170	2.679787450457	1
8	184	2.879787450457	1
8	197	3.079787450457	1
8	218	3.279787450457	1
8	234	3.479787450457	1
8	246	3.679787450457	1
8	256	3.879787450457	1
8	272	4.079787450457	1
8	284	4.279787450457	1
8	295	4.479787450457	1
8	302	4.679787450457	1
8	307	4.879787450457	1
8	321	5.079787450457	1
8	333	5.279787450457	1
8	346	5.479787450457	1
8	363	5.679787450457	1
8	378	5.879787450457	1
8	394	6.079787450457	1
8	404	6.279787450457	1
8	421	6.479787450457	1
8	435	6.679787450457	1
8	451	6.879787450457	1
8	467	7.079787450457	1
8	487	7.279787450457	1
8	505	7.479787450457	1
8	519	7.679787450457	1
8	529	7.879787450457	1
8	541	8.079787450457	1
8	555	8.279787450457	1
8	571	8.479787450457	1
8	583	8.679787450457	1
8	601	8.879787450457	1
8	611	9.079787450457	1
8	623	9.279787450457	1
8	637	9.479787450457	1
8	657	9.679787450457	1
8	671	9.879787450457	1
8	687	10.079787450457	1
8	705	10.279787450457	1
8	715	10.479787450457	1
8	725	10.679787450457	1
8	737	10.879787450457	1
8	751	11.079787450457	1
8	767	11.279787450457	1
8	779	11.479787450457	1
8	789	11.679787450457	1
8	801	11.879787450457	1
8	817	12.079787450457	1
8	835	12.279787450457	1
8	853	12.479787450457	1
8	869	12.679787450457	1
8	885	12.879787450457	1
8	895	13.079787450457	1
8	909	13.279787450457	1
8	921	13.479787450457	1
8	939	13.679787450457	1
8	951	13.879787450457	1
8	965	14.079787450457	1
8	977	14.279787450457	1
8	987	14.479787450457	1
8	999	14.679787450457	1
8	1011	14.879787450457	1
8	1025	15.079787450457	1
8	1035	15.279787450457	1
8	1051	15.479787450457	1
8	1069	15.679787450457	1
8	1083	15.879787450457	1
8	1093	16.079787450457	1
8	1111	16.279787450457	1
8	1129	16.479787450457	1
8	1141	16.679787450457	1
8	1153	16.879787450457	1
8	1169	17.079787450457	1
8	1183	17.279787450457	1
8	1195	17.479787450457	1
8	1213	17.679787450457	1
8	1223	17.879787450457	1
8	1237	18.079787450457	1
8	1253	18.279787450457	1
8	1263	18.479787450457	1
8	1281	18.679787450457	1
8	1293	18.879787450457	1
8	1309	19.079787450457	1
8	1321	19.279787450457	1
8	1341	19.479787450457	1
8	1359	19.679787450457	1
8	1371	19.879787450457	1
8	1389	20.079787450457	1
8	1405	20.279787450457	1
8	1419	20.479787450457	1
8	1429	20.679787450457	1
8	1445	20.879787450457	1
8	1459	21.079787450457	1
8	1473	21.279787450457	1
8	1485	21.479787450457	1
8	1501	21.679787450457	1
8	1513	21.879787450457	1
8	1523	22.079787450457	1
8	1537	22.279787450457	1
8	1551	22.479787450457	1
8	1563	22.679787450457	1
8	1573	22.879787450457	1
8	1585	23.079787450457	1
8	1603	23.279787450457	1
8	1615	23.479787450457	1
8	1631	23.679787450457	1
8	1643	23.879787450457	1
8	1659	24.079787450457	1
8	1671	24.279787450457	1
8	1681	24.479787450457	1
8	1693	24.679787450457	1
8	1707	24.879787450457	1
8	1721	25.079787450457	1
8	1735	25.279787450457	1
8	1744	25.479787450457	1
8	1760	25.679787450457	1
8	1774	25.879787450457	1
8	1794	26.079787450457	1
8	1806	26.279787450457	1
8	1824	26.479787450457	1
8	1838	26.679787450457	1
8	1850	26.879787450457	1
8	1872	27.079787450457	1
8	1886	27.279787450457	1
8	1902	27.479787450457	1
8	1914	27.679787450457	1
8	1926	27.879787450457	1
8	1944	28.079787450457	1
8	1954	28.279787450457	1
8	1974	28.479787450457	1
8	1984	28.679787450457	1
8	1996	28.879787450457	1
8	2008	29.079787450457	1
8	2022	29.279787450457	1
8	2036	29.479787450457	1
8	2052	29.679787450457	1
8	2066	29.879787450457	1
8	2080	30.079787450457	1
8	2090	30.279787450457	1
8	2100	30.479787450457	1
8	2110	30.679787450457	1
8	2124	30.879787450457	1
8	2136	31.079787450457	1
8	2148	31.279787450457	1
8	2168	31.479787450457	1
8	2184	31.679787450457	1
8	2196	31.879787450457	1
8	2208	32.079787450457	1
8	2222	32.279787450457	1
8	2244	32.479787450457	1
8	2254	32.679787450457	1
8	2266	32.879787450457	1
8	2280	33.079787450457	1
8	2296	33.279787450457	1
8	2308	33.479787450457	1
8	2322	33.679787450457	1
8	2332	33.879787450457	1
8	2346	34.079787450457	1
8	2364	34.279787450457	1
8	2376	34.479787450457	1
8	2388	34.679787450457	1
8	2405	34.879787450457	1
8	2426	35.079787450457	1
8	2446	35.279787450457	1
8	2462	35.479787450457	1
8	2476	35.679787450457	1
8	2486	35.879787450457	1
8	2498	36.079787450457	1
8	2510	36.279787450457	1
8	2524	36.479787450457	1
8	2538	36.679787450457	1
8	2558	36.879787450457	1
8	2570	37.079787450457	1
8	2584	37.279787450457	1
8	2594	37.479787450457	1
8	2606	37.679787450457	1
8	2618	37.879787450457	1
8	2632	38.079787450457	1
8	2646	38.279787450457	1
8	2660	38.479787450457	1
8	2672	38.679787450457	1
8	2684	38.879787450457	1
8	2688	39.079787450457	1
8	2704	39.279787450457	1
8	2722	39.479787450457	1
8	2734	39.679787450457	1
8	2748	39.879787450457	1
8	2762	40.079787450457	1
8	2772	40.279787450457	1
8	2786	40.479787450457	1
8	2810	40.679787450457	1
8	2822	40.879787450457	1
8	2836	41.079787450457	1
8	2846	41.279787450457	1
8	2860	41.479787450457	1
8	2878	41.679787450457	1
8	2892	41.879787450457	1
8	2904	42.079787450457	1
8	2920	42.279787450457	1
8	2934	42.479787450457	1
8	2946	42.679787450457	1
8	2960	42.879787450457	1
8	2970	43.079787450457	1
8	2980	43.279787450457	1
8	2996	43.479787450457	1
8	3010	43.679787450457	1
8	3028	43.879787450457	1
8	3042	44.079787450457	1
8	3054	44.279787450457	1
8	3066	44.479787450457	1
8	3080	44.679787450457	1
8	3096	44.879787450457	1
8	3110	45.079787450457	1
8	3124	45.279787450457	1
8	3140	45.479787450457	1
8	3154	45.679787450457	1
8	3166	45.879787450457	1
8	3180	46.079787450457	1
8	3190	46.279787450457	1
8	3204	46.479787450457	1
8	3220	46.679787450457	1
8	3232	46.879787450457	1
8	3247	47.079787450457	1
8	3260	47.279787450457	1
8	3275	47.479787450457	1
8	3286	47.679787450457	1
8	3301	47.879787450457	1
8	3318	48.079787450457	1
8	3334	48.279787450457	1
8	3350	48.479787450457	1
8	3370	48.679787450457	1
8	3382	48.879787450457	1
8	3394	49.079787450457	1
8	3408	49.279787450457	1
8	3428	49.479787450457	1
8	3440	49.679787450457	1
8	3458	49.879787450457	1
8	3470	50.079787450457	1
8	3494	50.279787450457	1
8	3506	50.479787450457	1
8	3520	50.679787450457	1
8	3532	50.879787450457	1
8	3544	51.079787450457	1
8	3558	51.279787450457	1
8	3574	51.479787450457	1
8	3588	51.679787450457	1
8	3604	51.879787450457	1
8	3614	52.079787450457	1
8	3634	52.279787450457	1
8	3654	52.479787450457	1
8	3664	52.679787450457	1
8	3680	52.879787450457	1
8	3692	53.079787450457	1
8	3704	53.279787450457	1
8	3714	53.479787450457	1
8	3728	53.679787450457	1
8	3746	53.879787450457	1
8	3760	54.079787450457	1
8	3772	54.279787450457	1
8	3784	54.479787450457	1
8	3796	54.679787450457	1
8	3808	54.879787450457	1
8	3824	55.079787450457	1
8	3834	55.279787450457	1
8	3850	55.479787450457	1
8	3862	55.679787450457	1
8	3872	55.879787450457	1
8	3886	56.079787450457	1
8	3898	56.279787450457	1
8	3910	56.479787450457	1
8	3924	56.679787450457	1
8	3938	56.879787450457	1
8	3950	57.079787450457	1
8	3964	57.279787450457	1
8	3976	57.479787450457	1
8	3992	57.679787450457	1
8	4006	57.879787450457	1
8	4016	58.079787450457	1
8	4030	58.279787450457	1
8	4045	58.479787450457	1
8	4058	58.679787450457	1
8	4066	58.879787450457	1
8	4074	59.079787450457	1
8	4078	59.279787450457	1
8	4085	59.479787450457	1
8	4101	59.679787450457	1
8	4118	59.879787450457	1

